87.29
87.79
31.23
87.56
124.16
29.35
99.96
0.36
11.15
40.92
121.45
59.58
85.02
95.62
92.52
98.42
79.20
22.25
69.23
14.71
97.27
52.66
132.36
18.62
55.92
41.10
92.33
53.04
80.29
44.80
83.88
78.28
19.22
78.79
4.25
51.76
31.62
10.00
110.61
119.90
66.23
96.40
101.17
0.49
9.99
58.55
18.30
134.31
76.17
36.38
99.01
57.31
113.98
24.86
117.58
58.70
16.68
11.01
31.19
45.27
108.35
29.49
65.00
102.93
64.71
12.64
2.61
78.79
74.33
16.19
26.31
85.90
75.81
123.97
85.91
94.70
9.19
34.75
76.22
23.37
90.89
66.48
87.69
12.74
69.06
101.98
29.65
43.27
72.55
7.17
62.13
88.49
6.76
9.74
100.94
83.40
125.70
29.23
114.99
54.24
122.76
71.16
87.50
72.87
34.41
115.67
64.34
25.26
99.10
55.44
44.31
85.23
57.21
100.35
53.82
110.07
56.16
75.80
121.20
34.58
121.21
109.40
108.28
86.35
99.05
9.66
29.23
132.75
8.85
90.49
66.83
24.82
129.61
22.65
133.70
15.43
23.47
59.71
14.06
98.95
33.23
47.72
53.14
89.78
42.05
0.08
75.35
14.47
90.94
38.38
66.79
2.44
65.01
58.09
11.77
38.92
126.08
63.90
76.44
2.25
113.93
33.03
96.79
75.88
68.14
26.89
8.25
29.36
61.59
6.65
53.03
7.54
71.35
124.10
13.42
92.45
30.36
24.36
94.08
90.48
123.09
53.89
34.22
41.41
31.15
92.70
88.37
35.06
112.07
77.54
80.54
50.24
88.26
116.31
95.01
122.20
134.14
65.31
80.83
64.26
83.73
23.71
134.72
38.45
23.33
114.15
5.38
9.12
54.66
53.65
34.89
60.14
31.48
41.04
13.28
76.13
125.29
60.32
73.08
30.89
129.32
89.89
119.84
41.90
100.37
110.31
7.45
53.85
17.72
134.73
15.75
131.73
87.66
84.03
110.84
5.36
57.49
53.71
9.69
123.06
26.01
28.91
21.48
56.87
94.94
110.00
55.30
75.09
52.77
49.33
